4 +    3
z <- c(1,2,3)